send_trajectory:
  ros__parameters:
    gait:
      total_gait_time: 4.0
      step_length: 0.05
      swing_height: 0.04
      trajectory_points: 200

    default_stance:
      FL:
        coxa: 0.785398
        femur: 0.785398
        tibia: 2.53073
      FR:
        coxa: 2.35619
        femur: 0.785398
        tibia: 2.53073
      BL:
        coxa: 0.785398
        femur: 0.785398
        tibia: 2.53073
      BR:
        coxa: 2.35619
        femur: 0.785398
        tibia: 2.53073
